{
  "camera_angle_x": 1.046151281647917,
  "camera_angle_y": 0.6280761002603193,
  "fl_x": 1098.5810124657248,
  "fl_y": 1096.1074080050773,
  "k1": 0.04933408953165245,
  "k2": -0.11003757675035969,
  "p1": 0.005234550577537491,
  "p2": 0.0021685266310253254,
  "cx": 634.1820672824541,
  "cy": 386.5933229732117,
  "w": 1267.0,
  "h": 712.0,
  "aabb_scale": 16,
  "frames": [
    {
      "file_path": "./train/frame000001",
      "sharpness": 24.731145034606662,
      "transform_matrix": [
        [
          -0.7627663919949014,
          0.3636941575453929,
          -0.5347092584728694,
          -2.3309903038456374
        ],
        [
          -0.6465376617877769,
          -0.44588103034813287,
          0.6190146675695863,
          2.4501915905502045
        ],
        [
          -0.013284697074606763,
          0.8178732582833018,
          0.5752450350028884,
          2.385745573073943
        ],
        [
          0.0,
          0.0,
          0.0,
          1.0
        ]
      ]
    },
    {
      "file_path": "./train/frame000002",
      "sharpness": 22.084419985097156,
      "transform_matrix": [
        [
          -0.7613677690252455,
          0.3646961308163338,
          -0.5360185188436065,
          -2.330336910432798
        ],
        [
          -0.6481743287264636,
          -0.44573119669023115,
          0.6174088919652002,
          2.449196869427051
        ],
        [
          -0.013753541820977577,
          0.817508674288302,
          0.5757520365900105,
          2.3849987941907935
        ],
        [
          0.0,
          0.0,
          0.0,
          1.0
        ]
      ]
    },
    {
      "file_path": "./train/frame000003",
      "sharpness": 23.09341085941668,
      "transform_matrix": [
        [
          -0.7604941482145053,
          0.3662700694434534,
          -0.5361854966777457,
          -2.3250439124252265
        ],
        [
          -0.6492166336767751,
          -0.4452847480609368,
          0.6166354317603784,
          2.446831469600155
        ],
        [
          -0.012900121389910582,
          0.8170481806149283,
          0.5764250666901503,
          2.3893411461772667
        ],
        [
          0.0,
          0.0,
          0.0,
          1.0
        ]
      ]
    },
    {
      "file_path": "./train/frame000004",
      "sharpness": 23.640788638114,
      "transform_matrix": [
        [
          -0.7574869302066233,
          0.3692775552191704,
          -0.5383749974355027,
          -2.3212994759105805
        ],
        [
          -0.652727642602024,
          -0.44437014061798935,
          0.6135811296894299,
          2.4421243944715503
        ],
        [
          -0.012656033815294551,
          0.8161919292731049,
          0.5776422417762538,
          2.3998876391836728
        ],
        [
          0.0,
          0.0,
          0.0,
          1.0
        ]
      ]
    },
    {
      "file_path": "./train/frame000005",
      "sharpness": 23.489731707619427,
      "transform_matrix": [
        [
          -0.7507865653180996,
          0.37555393062592507,
          -0.5433956004748728,
          -2.3272173233274516
        ],
        [
          -0.6604454861948599,
          -0.4410670503141855,
          0.607677230849226,
          2.433176993335501
        ],
        [
          -0.011458322057853413,
          0.8151190725230794,
          0.5791801140850026,
          2.411520021813098
        ],
        [
          0.0,
          0.0,
          0.0,
          1.0
        ]
      ]
    },
    {
      "file_path": "./train/frame000006",
      "sharpness": 22.482356795751038,
      "transform_matrix": [
        [
          -0.7448976672494241,
          0.380802855931184,
          -0.5478290338483333,
          -2.3438099870897866
        ],
        [
          -0.6671002772996362,
          -0.4377044325709499,
          0.6028200807331277,
          2.4240644945812795
        ],
        [
          -0.010231588050634207,
          0.8144961723022317,
          0.5800787015550204,
          2.4245045897049153
        ],
        [
          0.0,
          0.0,
          0.0,
          1.0
        ]
      ]
    },
    {
      "file_path": "./train/frame000007",
      "sharpness": 20.759073205960465,
      "transform_matrix": [
        [
          -0.7379858947224183,
          0.3865378510471764,
          -0.553141310141234,
          -2.361615918881088
        ],
        [
          -0.6747598015301275,
          -0.4332779623079675,
          0.5974691771278935,
          2.39860710875721
        ],
        [
          -0.00871948793241251,
          0.8141613459008097,
          0.5805732283338266,
          2.430983452878654
        ],
        [
          0.0,
          0.0,
          0.0,
          1.0
        ]
      ]
    },
    {
      "file_path": "./train/frame000008",
      "sharpness": 17.426327612941197,
      "transform_matrix": [
        [
          -0.7254770271858914,
          0.3976321010797829,
          -0.5617577728012112,
          -2.427470645924147
        ],
        [
          -0.6882269367851448,
          -0.4252657470128685,
          0.5877862944144985,
          2.363046415221607
        ],
        [
          -0.0051736396566554954,
          0.8130422846826645,
          0.5821816528004634,
          2.426581706401112
        ],
        [
          0.0,
          0.0,
          0.0,
          1.0
        ]
      ]
    },
    {
      "file_path": "./train/frame000009",
      "sharpness": 15.101494278502422,
      "transform_matrix": [
        [
          -0.7152927579942363,
          0.4047972687868429,
          -0.5696450136970295,
          -2.48791947987806
        ],
        [
          -0.6988163530126947,
          -0.4183677824219907,
          0.5801931604163788,
          2.339510493636401
        ],
        [
          -0.003460514442813944,
          0.8130852168672494,
          0.58213439602768,
          2.415016250016795
        ],
        [
          0.0,
          0.0,
          0.0,
          1.0
        ]
      ]
    },
    {
      "file_path": "./train/frame000010",
      "sharpness": 17.07939544632057,
      "transform_matrix": [
        [
          -0.6982293721078329,
          0.41706062021884976,
          -0.5818386228798741,
          -2.57947599966038
        ],
        [
          -0.715873793874065,
          -0.4075468097310156,
          0.5669482420142319,
          2.288964761974246
        ],
        [
          -0.0006746890865380379,
          0.8123829374227137,
          0.583123921534576,
          2.415625833776102
        ],
        [
          0.0,
          0.0,
          0.0,
          1.0
        ]
      ]
    },
    {
      "file_path": "./train/frame000011",
      "sharpness": 17.591350714490464,
      "transform_matrix": [
        [
          -0.6854895649047109,
          0.4254949018908782,
          -0.5908114292714727,
          -2.630827641746976
        ],
        [
          -0.7280799804286654,
          -0.3984878298845472,
          0.5577696581327296,
          2.2508333147997615
        ],
        [
          0.0018969816435177292,
          0.8125032541314602,
          0.5829535689685886,
          2.4222350679435904
        ],
        [
          0.0,
          0.0,
          0.0,
          1.0
        ]
      ]
    },
    {
      "file_path": "./train/frame000012",
      "sharpness": 19.078136189490902,
      "transform_matrix": [
        [
          -0.6646855495401218,
          0.4388716535275446,
          -0.6046360823245029,
          -2.699813152409952
        ],
        [
          -0.7471048916020282,
          -0.3847667627755362,
          0.5420228954649051,
          2.197697372583081
        ],
        [
          0.0052346163291888455,
          0.8120013608791418,
          0.5836320662961305,
          2.4404963513129068
        ],
        [
          0.0,
          0.0,
          0.0,
          1.0
        ]
      ]
    },
    {
      "file_path": "./train/frame000013",
      "sharpness": 19.37020452484345,
      "transform_matrix": [
        [
          -0.6500140979737541,
          0.4478740399043999,
          -0.6139140957017171,
          -2.7400038712044537
        ],
        [
          -0.7598901989343106,
          -0.3756736276092885,
          0.5305056183331663,
          2.151022831977763
        ],
        [
          0.006968359102116971,
          0.8113434352821974,
          0.5845282474634478,
          2.4555800395144542
        ],
        [
          0.0,
          0.0,
          0.0,
          1.0
        ]
      ]
    },
    {
      "file_path": "./train/frame000014",
      "sharpness": 19.048329238606062,
      "transform_matrix": [
        [
          -0.6348934499989659,
          0.45599802182714533,
          -0.6236794940707276,
          -2.780349280965987
        ],
        [
          -0.7725473587916545,
          -0.3652997015972882,
          0.5193521988377201,
          2.1109438069604565
        ],
        [
          0.008993642225194018,
          0.8115552551614855,
          0.5842064552074756,
          2.473185785947715
        ],
        [
          0.0,
          0.0,
          0.0,
          1.0
        ]
      ]
    },
    {
      "file_path": "./train/frame000015",
      "sharpness": 21.83531277618405,
      "transform_matrix": [
        [
          -0.6102891404033072,
          0.4691240464014726,
          -0.6383336073558081,
          -2.8293708463385254
        ],
        [
          -0.792094321543404,
          -0.3496076155095963,
          0.5003609706571769,
          2.0327771482849846
        ],
        [
          0.011565072848760415,
          0.8109852923105861,
          0.5849522244018728,
          2.486458894858932
        ],
        [
          0.0,
          0.0,
          0.0,
          1.0
        ]
      ]
    },
    {
      "file_path": "./train/frame000016",
      "sharpness": 20.741587286092173,
      "transform_matrix": [
        [
          -0.5939431135480058,
          0.47783511789837335,
          -0.647228845199383,
          -2.854976215135762
        ],
        [
          -0.8043877355641534,
          -0.3388643413365746,
          0.48798701729155336,
          1.9630860663881182
        ],
        [
          0.013854557617864364,
          0.8104594736028836,
          0.5856308504231426,
          2.4805402422191647
        ],
        [
          0.0,
          0.0,
          0.0,
          1.0
        ]
      ]
    },
    {
      "file_path": "./train/frame000017",
      "sharpness": 20.52228777158959,
      "transform_matrix": [
        [
          -0.5671971605242647,
          0.4917124859792495,
          -0.6606861677918622,
          -2.900473680567623
        ],
        [
          -0.8233949515451472,
          -0.321464937046148,
          0.46763345477038454,
          1.8604094408348821
        ],
        [
          0.01755377123573897,
          0.8092460228274435,
          0.5872075780677147,
          2.4788805959247675
        ],
        [
          0.0,
          0.0,
          0.0,
          1.0
        ]
      ]
    },
    {
      "file_path": "./train/frame000018",
      "sharpness": 19.21408164616,
      "transform_matrix": [
        [
          -0.5493989227427593,
          0.5010859412017894,
          -0.6686357029842114,
          -2.9183406245496237
        ],
        [
          -0.8353181090525562,
          -0.31011822943957784,
          0.45394971137641105,
          1.7906130657330257
        ],
        [
          0.02011169803377852,
          0.8079229934713851,
          0.5889447820544954,
          2.4802464320855226
        ],
        [
          0.0,
          0.0,
          0.0,
          1.0
        ]
      ]
    },
    {
      "file_path": "./train/frame000019",
      "sharpness": 20.136866607762713,
      "transform_matrix": [
        [
          -0.5295745128068512,
          0.5113136264837921,
          -0.6768376547175531,
          -2.9476522595987946
        ],
        [
          -0.8479562613123703,
          -0.29762893007137825,
          0.43861965173293105,
          1.7183217564584805
        ],
        [
          0.02282573776901668,
          0.806210515583707,
          0.591188286711041,
          2.4844849850443063
        ],
        [
          0.0,
          0.0,
          0.0,
          1.0
        ]
      ]
    },
    {
      "file_path": "./train/frame000020",
      "sharpness": 18.937936097704018,
      "transform_matrix": [
        [
          -0.4998146413003676,
          0.5243411104008141,
          -0.6893850334693988,
          -3.0202398889316164
        ],
        [
          -0.8657419573437961,
          -0.27854638294178785,
          0.4158157955696051,
          1.6194551685034293
        ],
        [
          0.026003608444060303,
          0.8046603709489653,
          0.5931656597097851,
          2.480473190480048
        ],
        [
          0.0,
          0.0,
          0.0,
          1.0
        ]
      ]
    },
    {
      "file_path": "./train/frame000021",
      "sharpness": 17.97498158561221,
      "transform_matrix": [
        [
          -0.47737656415668545,
          0.5352943699618431,
          -0.6968296445812917,
          -3.0552109213177006
        ],
        [
          -0.8781966335796213,
          -0.26383950898767256,
          0.39894784905695074,
          1.5349844995956057
        ],
        [
          0.029703346234190704,
          0.8024018015102821,
          0.5960445119639376,
          2.480842769097759
        ],
        [
          0.0,
          0.0,
          0.0,
          1.0
        ]
      ]
    },
    {
      "file_path": "./train/frame000022",
      "sharpness": 16.361275399461043,
      "transform_matrix": [
        [
          -0.44341689435983733,
          0.5483157387133928,
          -0.7090354776466702,
          -3.1399004912711947
        ],
        [
          -0.8957273323474529,
          -0.24242687051660264,
          0.3726952622959488,
          1.4057485142883799
        ],
        [
          0.03246542612965809,
          0.8003618326820486,
          0.598637563955717,
          2.492613811728895
        ],
        [
          0.0,
          0.0,
          0.0,
          1.0
        ]
      ]
    },
    {
      "file_path": "./train/frame000023",
      "sharpness": 18.127346728210355,
      "transform_matrix": [
        [
          -0.4188424793043644,
          0.556711532875442,
          -0.7173863999127857,
          -3.198273654846119
        ],
        [
          -0.9074099025824595,
          -0.22673619035991402,
          0.353833249818284,
          1.3215370697240256
        ],
        [
          0.034325591556397285,
          0.799163918873053,
          0.6001323059314093,
          2.4982932579431436
        ],
        [
          0.0,
          0.0,
          0.0,
          1.0
        ]
      ]
    },
    {
      "file_path": "./train/frame000024",
      "sharpness": 16.961995498905527,
      "transform_matrix": [
        [
          -0.38047730354748693,
          0.567617680344248,
          -0.7301008084723828,
          -3.289462948594596
        ],
        [
          -0.9240635276345155,
          -0.20205373872415705,
          0.32447015820233566,
          1.1917905265855022
        ],
        [
          0.036655400542366365,
          0.7981130594802532,
          0.6013916577280828,
          2.4929626050517104
        ],
        [
          0.0,
          0.0,
          0.0,
          1.0
        ]
      ]
    },
    {
      "file_path": "./train/frame000025",
      "sharpness": 15.917152559712628,
      "transform_matrix": [
        [
          -0.3526822324213369,
          0.5741667639098379,
          -0.738882785184352,
          -3.3368344509871415
        ],
        [
          -0.9350165061222094,
          -0.18512350226912144,
          0.3024457342850703,
          1.0861632080849855
        ],
        [
          0.03686971955310331,
          0.7975348369908889,
          0.6021451715764022,
          2.481252326706066
        ],
        [
          0.0,
          0.0,
          0.0,
          1.0
        ]
      ]
    },
    {
      "file_path": "./train/frame000026",
      "sharpness": 17.295203193053155,
      "transform_matrix": [
        [
          -0.3251948694757825,
          0.5809440940220062,
          -0.7461583321077088,
          -3.3940032377225338
        ],
        [
          -0.9448717000190795,
          -0.1676696195009127,
          0.2812549896447666,
          0.9821231392164901
        ],
        [
          0.03828534151641245,
          0.7964865713889543,
          0.6034429337632706,
          2.4833950632151556
        ],
        [
          0.0,
          0.0,
          0.0,
          1.0
        ]
      ]
    },
    {
      "file_path": "./train/frame000027",
      "sharpness": 21.727159509752237,
      "transform_matrix": [
        [
          -0.2826588008901074,
          0.5862059782285194,
          -0.7592539453007076,
          -3.468691872461443
        ],
        [
          -0.9585071557047602,
          -0.1420910876479743,
          0.24713185807254828,
          0.8393731214045992
        ],
        [
          0.0369869537240567,
          0.7976043342323297,
          0.6020459213006926,
          2.493039840447065
        ],
        [
          0.0,
          0.0,
          0.0,
          1.0
        ]
      ]
    },
    {
      "file_path": "./train/frame000028",
      "sharpness": 16.306610748266415,
      "transform_matrix": [
        [
          -0.2540610819345514,
          0.5897414545794524,
          -0.7665885359715053,
          -3.496617635617037
        ],
        [
          -0.9664881984078902,
          -0.12465214138076593,
          0.22441569906774475,
          0.7402289723784784
        ],
        [
          0.03679033823188204,
          0.797914068359492,
          0.6016474138675999,
          2.507608935667355
        ],
        [
          0.0,
          0.0,
          0.0,
          1.0
        ]
      ]
    },
    {
      "file_path": "./train/frame000029",
      "sharpness": 16.33301592587199,
      "transform_matrix": [
        [
          -0.21156168154247032,
          0.592455182431813,
          -0.777327802023566,
          -3.5068131799824585
        ],
        [
          -0.9767184560151732,
          -0.09924253364118138,
          0.19018931935421585,
          0.6017273405584103
        ],
        [
          0.035534667352034935,
          0.7994671828241212,
          0.5996578283406515,
          2.5144673384232306
        ],
        [
          0.0,
          0.0,
          0.0,
          1.0
        ]
      ]
    },
    {
      "file_path": "./train/frame000030",
      "sharpness": 15.134940084273971,
      "transform_matrix": [
        [
          -0.18165256729275822,
          0.5957301405148168,
          -0.7823732770003875,
          -3.495356194701533
        ],
        [
          -0.9827095939868205,
          -0.08098005629012554,
          0.16650550852782775,
          0.5284313288827461
        ],
        [
          0.03583571798039249,
          0.7990918784796555,
          0.6001399596356407,
          2.5263962900192487
        ],
        [
          0.0,
          0.0,
          0.0,
          1.0
        ]
      ]
    },
    {
      "file_path": "./train/frame000031",
      "sharpness": 15.142968909668202,
      "transform_matrix": [
        [
          -0.1374165344029623,
          0.5962253843895626,
          -0.7909690178308985,
          -3.4755949488293534
        ],
        [
          -0.9898682270247992,
          -0.053846001864472824,
          0.13138303243035507,
          0.41325598517783774
        ],
        [
          0.03574337980419203,
          0.8010093003077497,
          0.5975838951205475,
          2.5301957124293533
        ],
        [
          0.0,
          0.0,
          0.0,
          1.0
        ]
      ]
    },
    {
      "file_path": "./train/frame000032",
      "sharpness": 15.858950733821013,
      "transform_matrix": [
        [
          -0.10725875349186385,
          0.5979240325929249,
          -0.7943440130909054,
          -3.4517113545328413
        ],
        [
          -0.9935695852678647,
          -0.035320866275107936,
          0.1075728387504182,
          0.33513541286052945
        ],
        [
          0.03626346688030209,
          0.8007741802406936,
          0.5978676051739626,
          2.541031408831418
        ],
        [
          0.0,
          0.0,
          0.0,
          1.0
        ]
      ]
    },
    {
      "file_path": "./train/frame000033",
      "sharpness": 17.003703468460095,
      "transform_matrix": [
        [
          -0.07753165144722557,
          0.5979050345361123,
          -0.7978085063387171,
          -3.4271281504303186
        ],
        [
          -0.9962533565158954,
          -0.015708721627025912,
          0.08504402210773718,
          0.2588662735695128
        ],
        [
          0.03831569723766826,
          0.801413005776607,
          0.5968828206642223,
          2.542939568495515
        ],
        [
          0.0,
          0.0,
          0.0,
          1.0
        ]
      ]
    },
    {
      "file_path": "./train/frame000034",
      "sharpness": 13.01278766578702,
      "transform_matrix": [
        [
          -0.035051556129978366,
          0.597832904793505,
          -0.8008540481543476,
          -3.3923599205635964
        ],
        [
          -0.9984220136143599,
          0.014231731029899186,
          0.05432256034783315,
          0.12450383257562442
        ],
        [
          0.04387335345610417,
          0.8014944016426311,
          0.5963906882898321,
          2.539313605778148
        ],
        [
          0.0,
          0.0,
          0.0,
          1.0
        ]
      ]
    },
    {
      "file_path": "./train/frame000035",
      "sharpness": 12.753777825412183,
      "transform_matrix": [
        [
          -0.005054754467406397,
          0.5984220834140741,
          -0.8011650639074399,
          -3.3795810002062274
        ],
        [
          -0.9988532719940161,
          0.03512193481795056,
          0.03253599118048269,
          0.019085923118187385
        ],
        [
          0.0476087227811427,
          0.8004108069380123,
          0.5975583232946987,
          2.5520148157304257
        ],
        [
          0.0,
          0.0,
          0.0,
          1.0
        ]
      ]
    },
    {
      "file_path": "./train/frame000036",
      "sharpness": 16.56246282116084,
      "transform_matrix": [
        [
          0.03819019829572093,
          0.5975517562933212,
          -0.8009203502165988,
          -3.369605547923351
        ],
        [
          -0.9976730056772706,
          0.06810347931172021,
          0.003238803656089731,
          -0.1211002658916596
        ],
        [
          0.056480815314297536,
          0.7989329225548196,
          0.5987621421284333,
          2.5903339695236185
        ],
        [
          0.0,
          0.0,
          0.0,
          1.0
        ]
      ]
    },
    {
      "file_path": "./train/frame000037",
      "sharpness": 17.063828460274568,
      "transform_matrix": [
        [
          0.06698265960220154,
          0.5973264863317278,
          -0.7991960911599773,
          -3.3559675209587128
        ],
        [
          -0.9958468407732048,
          0.08952729244583822,
          -0.01655094045512451,
          -0.21312565345246073
        ],
        [
          0.061663547067304855,
          0.7969855285505594,
          0.6008424704786164,
          2.5967419898801154
        ],
        [
          0.0,
          0.0,
          0.0,
          1.0
        ]
      ]
    },
    {
      "file_path": "./train/frame000038",
      "sharpness": 10.798503255047525,
      "transform_matrix": [
        [
          0.11398361081878951,
          0.5937493024184649,
          -0.796535939194507,
          -3.323447570408718
        ],
        [
          -0.9911733202400668,
          0.12259801540480397,
          -0.0504497360120885,
          -0.3708782036253986
        ],
        [
          0.06769922977947496,
          0.7952556146174724,
          0.6024826319433907,
          2.5884903515488293
        ],
        [
          0.0,
          0.0,
          0.0,
          1.0
        ]
      ]
    },
    {
      "file_path": "./train/frame000039",
      "sharpness": 9.459519953693933,
      "transform_matrix": [
        [
          0.1461155465916419,
          0.5926386787998889,
          -0.7921045660269391,
          -3.3088219494943143
        ],
        [
          -0.9866520235544312,
          0.14548762070153312,
          -0.07315146368430589,
          -0.47511493790465525
        ],
        [
          0.0718890218679348,
          0.7922201390373957,
          0.6059861548956574,
          2.6063265524084263
        ],
        [
          0.0,
          0.0,
          0.0,
          1.0
        ]
      ]
    },
    {
      "file_path": "./train/frame000040",
      "sharpness": 10.048631860184953,
      "transform_matrix": [
        [
          0.1790738915055876,
          0.5881083145031811,
          -0.7887085341743496,
          -3.2858765360207687
        ],
        [
          -0.980993466363912,
          0.1676276336065902,
          -0.09773840290988349,
          -0.5791833723279008
        ],
        [
          0.07472857779140434,
          0.7912203150491092,
          0.6069481467157186,
          2.5998785176893433
        ],
        [
          0.0,
          0.0,
          0.0,
          1.0
        ]
      ]
    },
    {
      "file_path": "./train/frame000041",
      "sharpness": 14.280115055991523,
      "transform_matrix": [
        [
          0.223296059992838,
          0.5814075539779594,
          -0.7823708365316412,
          -3.2644724806326595
        ],
        [
          -0.9713398981757267,
          0.1998091438794466,
          -0.12874435224403288,
          -0.7140460491546546
        ],
        [
          0.08147190811695368,
          0.7886961152947249,
          0.6093609488583721,
          2.5850473172270423
        ],
        [
          0.0,
          0.0,
          0.0,
          1.0
        ]
      ]
    },
    {
      "file_path": "./train/frame000042",
      "sharpness": 13.886075183355306,
      "transform_matrix": [
        [
          0.25376891741743635,
          0.5780567390107362,
          -0.7755331992398737,
          -3.2260583979776793
        ],
        [
          -0.9635353754023613,
          0.22141278534729017,
          -0.1502529827776763,
          -0.8051967448547755
        ],
        [
          0.08485821652189564,
          0.7853832090448185,
          0.6131657998665361,
          2.574057821581824
        ],
        [
          0.0,
          0.0,
          0.0,
          1.0
        ]
      ]
    },
    {
      "file_path": "./train/frame000043",
      "sharpness": 13.47329131874084,
      "transform_matrix": [
        [
          0.29693102670264593,
          0.5678358541638113,
          -0.7677202668899304,
          -3.1641721384524732
        ],
        [
          -0.9506550866777868,
          0.25150131567913525,
          -0.18166451052948795,
          -0.9489163596262923
        ],
        [
          0.08992703468859196,
          0.7837790064914947,
          0.6144945870405251,
          2.5576829556944034
        ],
        [
          0.0,
          0.0,
          0.0,
          1.0
        ]
      ]
    },
    {
      "file_path": "./train/frame000044",
      "sharpness": 16.52800230302709,
      "transform_matrix": [
        [
          0.3253298854391842,
          0.562902620265264,
          -0.7598033336494425,
          -3.1240515010521475
        ],
        [
          -0.941081393629904,
          0.27120180642100206,
          -0.202028192978573,
          -1.0337349590081115
        ],
        [
          0.09233783741533295,
          0.7807625889926685,
          0.6179672349710038,
          2.5662115577896505
        ],
        [
          0.0,
          0.0,
          0.0,
          1.0
        ]
      ]
    },
    {
      "file_path": "./train/frame000045",
      "sharpness": 15.659286433764585,
      "transform_matrix": [
        [
          0.3649493770970582,
          0.5530488232967744,
          -0.74896525372857,
          -3.0424952230368794
        ],
        [
          -0.9259877083254736,
          0.2992019280462949,
          -0.2302715142698332,
          -1.137827812756806
        ],
        [
          0.09674045794957295,
          0.7775700646114975,
          0.6213099697434139,
          2.5787889777000785
        ],
        [
          0.0,
          0.0,
          0.0,
          1.0
        ]
      ]
    },
    {
      "file_path": "./train/frame000046",
      "sharpness": 10.210540022434683,
      "transform_matrix": [
        [
          0.39095699633338893,
          0.5460108508434631,
          -0.74096206236578,
          -2.991841777337405
        ],
        [
          -0.915130036626807,
          0.316692845695599,
          -0.24948478420385822,
          -1.191011137992164
        ],
        [
          0.09843598478745241,
          0.7756144611350954,
          0.623484213644438,
          2.609524532062009
        ],
        [
          0.0,
          0.0,
          0.0,
          1.0
        ]
      ]
    },
    {
      "file_path": "./train/frame000047",
      "sharpness": 9.607347815947428,
      "transform_matrix": [
        [
          0.41677053755525545,
          0.5369796018746593,
          -0.7334543109714566,
          -2.9476620506311724
        ],
        [
          -0.9034515929417527,
          0.3337994293161822,
          -0.2689854274859598,
          -1.2278909603792436
        ],
        [
          0.10038694267026999,
          0.774745666805012,
          0.6242528442826323,
          2.6283843130174622
        ],
        [
          0.0,
          0.0,
          0.0,
          1.0
        ]
      ]
    },
    {
      "file_path": "./train/frame000048",
      "sharpness": 11.483702502671486,
      "transform_matrix": [
        [
          0.4560093024510863,
          0.523847654114547,
          -0.7194714389348181,
          -2.874521622924843
        ],
        [
          -0.883877834262595,
          0.36103968734213454,
          -0.29733872647834225,
          -1.2749532025365677
        ],
        [
          0.10399754902153592,
          0.7715140825125832,
          0.6276547859843521,
          2.624790847405447
        ],
        [
          0.0,
          0.0,
          0.0,
          1.0
        ]
      ]
    },
    {
      "file_path": "./train/frame000049",
      "sharpness": 9.821225687904636,
      "transform_matrix": [
        [
          0.48129794669273973,
          0.514616646541788,
          -0.709592836560245,
          -2.8333632722685125
        ],
        [
          -0.8700667526073348,
          0.37880125674807325,
          -0.3154258294655182,
          -1.333934759485291
        ],
        [
          0.10647127567624416,
          0.7692069390350086,
          0.6300671015717679,
          2.6342949710357417
        ],
        [
          0.0,
          0.0,
          0.0,
          1.0
        ]
      ]
    },
    {
      "file_path": "./train/frame000050",
      "sharpness": 15.570155978595372,
      "transform_matrix": [
        [
          0.519021901844283,
          0.4977168508423363,
          -0.6949058942617408,
          -2.7872754702150297
        ],
        [
          -0.8475795871951959,
          0.40484399509350943,
          -0.3430891764648838,
          -1.4515162350081325
        ],
        [
          0.11056721397875842,
          0.7670588478688676,
          0.6319775432607111,
          2.673489168811166
        ],
        [
          0.0,
          0.0,
          0.0,
          1.0
        ]
      ]
    },
    {
      "file_path": "./train/frame000051",
      "sharpness": 12.977247612682575,
      "transform_matrix": [
        [
          0.5439418093910495,
          0.48577739743425524,
          -0.6842131453169918,
          -2.7462874638960018
        ],
        [
          -0.8314023912239522,
          0.42235127596300254,
          -0.36109481242482777,
          -1.5266695434279796
        ],
        [
          0.11356659674854733,
          0.7652710107554913,
          0.6336110070753224,
          2.6921311992602317
        ],
        [
          0.0,
          0.0,
          0.0,
          1.0
        ]
      ]
    },
    {
      "file_path": "./train/frame000052",
      "sharpness": 14.719699630594041,
      "transform_matrix": [
        [
          0.5809479076298093,
          0.4675671176380194,
          -0.6662435884947782,
          -2.6713170104270954
        ],
        [
          -0.805208829055418,
          0.44972096819259116,
          -0.38650975715979624,
          -1.6295319520506242
        ],
        [
          0.11890445857580127,
          0.7610072544580498,
          0.6377536267868646,
          2.7174202742499793
        ],
        [
          0.0,
          0.0,
          0.0,
          1.0
        ]
      ]
    },
    {
      "file_path": "./train/frame000053",
      "sharpness": 16.748628693345783,
      "transform_matrix": [
        [
          0.6042351989767076,
          0.45537854181921444,
          -0.6538579417995648,
          -2.6162475599419994
        ],
        [
          -0.7873214706121558,
          0.467448415931239,
          -0.40201602002543557,
          -1.7134869394535797
        ],
        [
          0.12257539015111993,
          0.7577086261609641,
          0.6409780898418821,
          2.7405473607783835
        ],
        [
          0.0,
          0.0,
          0.0,
          1.0
        ]
      ]
    },
    {
      "file_path": "./train/frame000054",
      "sharpness": 13.253219140853355,
      "transform_matrix": [
        [
          0.6292242310920625,
          0.4395388854546556,
          -0.6410011195513308,
          -2.578687449662002
        ],
        [
          -0.7669531253578127,
          0.48477263906170576,
          -0.42045022526053605,
          -1.820449232026224
        ],
        [
          0.1259355809662317,
          0.7561752816997961,
          0.6421364129838103,
          2.764448390193689
        ],
        [
          0.0,
          0.0,
          0.0,
          1.0
        ]
      ]
    },
    {
      "file_path": "./train/frame000055",
      "sharpness": 11.815584454788285,
      "transform_matrix": [
        [
          0.6631503974162701,
          0.41729742826216437,
          -0.621364954643087,
          -2.509682767039597
        ],
        [
          -0.7369448114831606,
          0.5092424275611681,
          -0.44450477477779865,
          -1.967255738885865
        ],
        [
          0.13093469853885284,
          0.7526851974090193,
          0.6452294928214835,
          2.7682732986217027
        ],
        [
          0.0,
          0.0,
          0.0,
          1.0
        ]
      ]
    },
    {
      "file_path": "./train/frame000056",
      "sharpness": 12.155456551587987,
      "transform_matrix": [
        [
          0.6846899063587716,
          0.4019506315286851,
          -0.6079764979259367,
          -2.461170226933313
        ],
        [
          -0.7162200772531356,
          0.5255966753744163,
          -0.4591044933078709,
          -2.0644108169470425
        ],
        [
          0.13501308499289727,
          0.7497891868444628,
          0.6477558508100125,
          2.7713304814691018
        ],
        [
          0.0,
          0.0,
          0.0,
          1.0
        ]
      ]
    },
    {
      "file_path": "./train/frame000057",
      "sharpness": 14.544174492726905,
      "transform_matrix": [
        [
          0.7146435981726945,
          0.38011879725722914,
          -0.5871918150389023,
          -2.386958069535172
        ],
        [
          -0.6855218670137769,
          0.5475147684185796,
          -0.4798826400382689,
          -2.1919565746817815
        ],
        [
          0.13908377867233931,
          0.745477885918237,
          0.6518576717381503,
          2.788890493542531
        ],
        [
          0.0,
          0.0,
          0.0,
          1.0
        ]
      ]
    },
    {
      "file_path": "./train/frame000058",
      "sharpness": 16.057399143300064,
      "transform_matrix": [
        [
          0.7341620722915398,
          0.36386143069303073,
          -0.5732459428105804,
          -2.334064674351026
        ],
        [
          -0.6639272685549372,
          0.5614763394884424,
          -0.4939077872077377,
          -2.2541021899902836
        ],
        [
          0.14215003951204933,
          0.7432019775977902,
          0.6537921587540186,
          2.790686604772276
        ],
        [
          0.0,
          0.0,
          0.0,
          1.0
        ]
      ]
    },
    {
      "file_path": "./train/frame000059",
      "sharpness": 17.01896010609051,
      "transform_matrix": [
        [
          0.7531737774941467,
          0.34733281775364316,
          -0.5586494202025909,
          -2.2746556347383344
        ],
        [
          -0.6417969227832109,
          0.5742971669108026,
          -0.5082120364423018,
          -2.307536818622447
        ],
        [
          0.14431206068488847,
          0.741311458055889,
          0.6554627002223056,
          2.786879285219081
        ],
        [
          0.0,
          0.0,
          0.0,
          1.0
        ]
      ]
    },
    {
      "file_path": "./train/frame000060",
      "sharpness": 14.80584710879592,
      "transform_matrix": [
        [
          0.7799104928372387,
          0.32212935466249937,
          -0.5366305079971465,
          -2.190840481706941
        ],
        [
          -0.6082087834291088,
          0.5924177743644828,
          -0.5283211678300618,
          -2.36144009746793
        ],
        [
          0.14772169435611546,
          0.7384266107985782,
          0.6579547412762268,
          2.7870537126468564
        ],
        [
          0.0,
          0.0,
          0.0,
          1.0
        ]
      ]
    },
    {
      "file_path": "./train/frame000061",
      "sharpness": 12.602131226309355,
      "transform_matrix": [
        [
          0.7971030356680706,
          0.30744424061455855,
          -0.5197160662591288,
          -2.1301664610279882
        ],
        [
          -0.58544932649825,
          0.6042932889041083,
          -0.540443065538643,
          -2.3749009726153805
        ],
        [
          0.14790482309610214,
          0.7350562291083369,
          0.6616770386228662,
          2.786738824244145
        ],
        [
          0.0,
          0.0,
          0.0,
          1.0
        ]
      ]
    },
    {
      "file_path": "./train/frame000062",
      "sharpness": 12.805811710407623,
      "transform_matrix": [
        [
          0.8210554205553836,
          0.2827665499633759,
          -0.49589421723247545,
          -2.0275468938803076
        ],
        [
          -0.5508936495778213,
          0.6201645319116023,
          -0.5584909490889671,
          -2.3796153346919087
        ],
        [
          0.14961344624799003,
          0.7317369962163531,
          0.6649637472500676,
          2.778948369144684
        ],
        [
          0.0,
          0.0,
          0.0,
          1.0
        ]
      ]
    },
    {
      "file_path": "./train/frame000063",
      "sharpness": 15.937915069233785,
      "transform_matrix": [
        [
          0.8367496778751993,
          0.2652679488283295,
          -0.4790437265911535,
          -1.9537663557029932
        ],
        [
